7311 3146 7
7556 527 1
5012 2051 2
306 6937 2
3617 6253 6
4968 5171 1
7565 1425 6
881 5723 8
3093 1091 10
4558 1636 4
2068 4023 8
5561 2343 4
1648 6079 3
3555 6666 9
6624 6471 4
704 4768 1
5153 7862 2
1667 272 3
7317 42 6
6343 3342 10
4477 7081 2
2791 1518 9
4064 1557 4
4672 6779 8
4102 2884 6
5066 7370 9
6991 1129 2
3595 3502 7
7159 580 10
640 1041 9
2443 826 2
4085 1888 1
4927 4428 6
184 1835 5
7555 6784 5
3198 5761 6
556 7147 3
7930 2359 2
4377 4713 4
6989 4241 10
4096 2557 7
5067 464 9
5714 7305 2
4774 3858 5
5351 245 1
2769 3452 5
1642 2740 1
1141 1673 9
6690 6011 6
7570 6204 1
1930 4043 2
6599 7765 10
7408 4997 1
2833 579 7
4900 6056 10
7613 660 9
3922 7754 3
2216 5925 1
852 291 8
4158 1845 6
3534 3912 5
6402 6961 4
175 7628 1
215 6337 4
4376 4981 7
5586 5600 1
4526 3949 1
3171 6272 7
5697 1025 7
5745 3496 9
1128 946 8
966 7349 10
7401 3012 6
1586 2810 7
7520 474 4
1900 753 10
82 1860 7
6123 6165 9
4653 375 1
7153 5896 4
6656 465 2
464 1038 8
1479 2315 1
2573 2864 10
5367 7294 4
2395 1062 10
3258 3921 2
5378 629 2
2049 7687 9
1686 4054 6
7353 7496 4
3633 5841 5
7712 3005 9
2397 7118 4
4315 7315 5
2612 5716 9
4124 855 1
2839 7376 7
5779 7787 10
3983 2291 2
