1087 4860 3
1972 7332 2
4035 4036 4
775 5056 1
248 5012 2
181 7578 7
1796 1000 4
2558 5658 2
1855 5271 5
1958 5336 6
2411 1039 7
508 506 9
4124 1192 3
2452 5602 6
1999 2000 5
3838 6483 2
1436 5042 8
205 206 9
3690 6617 9
4324 4325 9
614 612 8
2414 7147 3
2458 7191 10
3172 7246 7
617 6941 1
2268 5497 10
760 758 3
878 4754 2
2278 2276 1
2615 5692 9
1524 7786 4
2473 5612 6
4050 4051 2
168 156 6
2563 2556 4
933 4779 4
3068 5961 3
3094 5982 1
3276 3267 7
776 4705 7
2010 7648 2
3374 6162 4
1463 5051 5
591 6062 7
1106 1107 8
2798 333 8
2306 7236 10
2460 2461 10
822 4730 1
613 7754 1
3838 6474 4
600 4627 8
2492 5622 9
86 7721 2
2290 845 3
4067 4068 10
2472 7256 9
4324 2755 9
5079 5080 2
1198 1187 7
2845 5821 8
1244 4935 3
1507 5723 8
4287 6825 3
2064 7261 1
2873 1952 7
3656 6579 6
1507 7667 1
3147 6013 10
2064 7260 3
3384 6165 9
3858 1885 2
2138 2139 1
2979 7579 6
336 4501 10
3185 6685 10
4029 6619 10
562 4699 6
4069 6650 5
2512 6921 6
983 5163 9
1185 1184 5
802 803 4
530 111 5
153 7866 8
2574 2573 6
3533 3534 8
1641 1123 9
3190 7312 3
1779 1780 7
3048 5951 6
2146 7428 9
1791 5761 2
323 4498 6
3532 3527 5
148 7864 2
3596 3597 7
1765 1580 4
2792 2014 2
1808 7828 2
